## Columns
11  10  9   8   7   6           5   4   3   2   1   0
11  10  9   8   7   6           5   4   3   2   1   0
11  10  9   8   7   6           5   4   3   2   1   0
11  10  9   8   7   6           5   4   3   2   1   0
                    6           5

## Rows
0   0   0   0   0   0           0   0   0   0   0   0
1   1   1   1   1   1           1   1   1   1   1   1
2   2   2   2   2   2           2   2   2   2   2   2
3   3   3   3   3   3           3   3   3   3   3   3
                    4           4